# Created by Octave 4.2.2, Wed Mar 17 17:17:50 2021 -03 <root@patricia-P5K-SE>
# name: SUBJECT
# type: sq_string
# elements: 1
# length: 3
019


# name: age
# type: sq_string
# elements: 1
# length: 2
28


# name: vet
# type: matrix
# rows: 1
# columns: 6
 1 1 2 2 3 3


# name: rvet
# type: matrix
# rows: 1
# columns: 6
 1 4 5 2 3 6


# name: response
# type: cell
# rows: 6
# columns: 1
# name: <cell-element>
# type: scalar
1


# name: <cell-element>
# type: scalar
2


# name: <cell-element>
# type: scalar
3


# name: <cell-element>
# type: scalar
1


# name: <cell-element>
# type: scalar
2


# name: <cell-element>
# type: scalar
3





# name: rt1
# type: matrix
# rows: 6
# columns: 1
 0.1831951141357422
 0.2376809120178223
 0.0538489818572998
 0.08133506774902344
 0.05877685546875
 0.1325209140777588


# name: antecipatedresponse
# type: matrix
# rows: 0
# columns: 0


# name: avg
# type: scalar
0.1245596408843994


# name: seq
# type: matrix
# rows: 1
# columns: 750
 1 2 2 1 2 3 1 2 3 1 2 3 1 2 3 1 2 2 1 2 2 1 2 3 1 2 3 1 2 3 1 2 2 1 2 2 1 2 3 1 2 3 1 2 3 1 2 3 1 2 2 1 2 3 1 2 3 1 2 2 1 2 2 1 2 3 1 2 3 1 2 3 1 2 3 1 2 3 1 2 2 1 2 3 1 2 3 1 2 2 1 2 3 1 2 3 1 2 3 1 2 3 1 2 2 1 2 3 1 2 3 1 2 3 1 2 3 1 2 2 1 2 3 1 2 3 1 2 3 1 2 3 1 2 3 1 2 2 1 2 2 1 2 2 1 2 3 1 2 2 1 2 3 1 2 3 1 2 3 1 2 3 1 2 3 1 2 3 1 2 3 1 2 3 1 2 3 1 2 3 1 2 3 1 2 3 1 2 3 1 2 3 1 2 3 1 2 3 1 2 3 1 2 2 1 2 2 1 2 3 1 2 3 1 2 3 1 2 3 1 2 3 1 2 3 1 2 3 1 2 3 1 2 2 1 2 3 1 2 3 1 2 3 1 2 3 1 2 3 1 2 2 1 2 3 1 2 3 1 2 3 1 2 3 1 2 3 1 2 3 1 2 3 1 2 2 1 2 2 1 2 3 1 2 2 1 2 3 1 2 3 1 2 3 1 2 3 1 2 3 1 2 2 1 2 2 1 2 3 1 2 3 1 2 3 1 2 3 1 2 3 1 2 3 1 2 3 1 2 3 1 2 3 1 2 2 1 2 2 1 2 3 1 2 3 1 2 2 1 2 3 1 2 3 1 2 3 1 2 3 1 2 3 1 2 3 1 2 2 1 2 3 1 2 3 1 2 2 1 2 2 1 2 2 1 2 3 1 2 3 1 2 3 1 2 3 1 2 3 1 2 3 1 2 3 1 2 3 1 2 2 1 2 2 1 2 3 1 2 3 1 2 3 1 2 3 1 2 3 1 2 3 1 2 3 1 2 2 1 2 3 1 2 2 1 2 3 1 2 3 1 2 2 1 2 3 1 2 3 1 2 3 1 2 3 1 2 3 1 2 3 1 2 3 1 2 3 1 2 2 1 2 2 1 2 3 1 2 2 1 2 3 1 2 2 1 2 3 1 2 3 1 2 3 1 2 2 1 2 2 1 2 3 1 2 3 1 2 3 1 2 3 1 2 3 1 2 3 1 2 2 1 2 3 1 2 2 1 2 3 1 2 3 1 2 3 1 2 3 1 2 2 1 2 2 1 2 2 1 2 3 1 2 3 1 2 3 1 2 3 1 2 3 1 2 3 1 2 3 1 2 3 1 2 3 1 2 2 1 2 3 1 2 2 1 2 3 1 2 3 1 2 3 1 2 2 1 2 3 1 2 2 1 2 2 1 2 3 1 2 3 1 2 3 1 2 3 1 2 3 1 2 3 1 2 3 1 2 3 1 2 3 1 2 3 1 2 3 1 2 3 1 2 3 1 2 2 1 2 2 1 2 3 1 2 2 1 2 3 1 2 3 1 2 3 1 2 2 1 2 2 1 2 3 1 2 3 1 2 2 1 2 2 1 2 3 1 2 3 1 2 2 1 2 3 1 2 3 1 2 3 1 2 2 1 2 3 1 2 2 1 2 2 1 2 3 1 2 3 1 2 3 1 2 3 1 2 3 1 2 3 1 2 3 1 2 2 1 2 3


# name: responseTeste
# type: cell
# rows: 750
# columns: 1
# name: <cell-element>
# type: sq_string
# elements: 1
# length: 1
1


# name: <cell-element>
# type: matrix
# rows: 0
# columns: 0


# name: <cell-element>
# type: matrix
# rows: 0
# columns: 0


# name: <cell-element>
# type: matrix
# rows: 0
# columns: 0


# name: <cell-element>
# type: matrix
# rows: 0
# columns: 0


# name: <cell-element>
# type: matrix
# rows: 0
# columns: 0


# name: <cell-element>
# type: matrix
# rows: 0
# columns: 0


# name: <cell-element>
# type: matrix
# rows: 0
# columns: 0


# name: <cell-element>
# type: matrix
# rows: 0
# columns: 0


# name: <cell-element>
# type: matrix
# rows: 0
# columns: 0


# name: <cell-element>
# type: matrix
# rows: 0
# columns: 0


# name: <cell-element>
# type: matrix
# rows: 0
# columns: 0


# name: <cell-element>
# type: matrix
# rows: 0
# columns: 0


# name: <cell-element>
# type: matrix
# rows: 0
# columns: 0


# name: <cell-element>
# type: matrix
# rows: 0
# columns: 0


# name: <cell-element>
# type: matrix
# rows: 0
# columns: 0


# name: <cell-element>
# type: matrix
# rows: 0
# columns: 0


# name: <cell-element>
# type: matrix
# rows: 0
# columns: 0


# name: <cell-element>
# type: matrix
# rows: 0
# columns: 0


# name: <cell-element>
# type: matrix
# rows: 0
# columns: 0


# name: <cell-element>
# type: matrix
# rows: 0
# columns: 0


# name: <cell-element>
# type: matrix
# rows: 0
# columns: 0


# name: <cell-element>
# type: matrix
# rows: 0
# columns: 0


# name: <cell-element>
# type: matrix
# rows: 0
# columns: 0


# name: <cell-element>
# type: matrix
# rows: 0
# columns: 0


# name: <cell-element>
# type: matrix
# rows: 0
# columns: 0


# name: <cell-element>
# type: matrix
# rows: 0
# columns: 0


# name: <cell-element>
# type: matrix
# rows: 0
# columns: 0


# name: <cell-element>
# type: matrix
# rows: 0
# columns: 0


# name: <cell-element>
# type: matrix
# rows: 0
# columns: 0


# name: <cell-element>
# type: matrix
# rows: 0
# columns: 0


# name: <cell-element>
# type: matrix
# rows: 0
# columns: 0


# name: <cell-element>
# type: matrix
# rows: 0
# columns: 0


# name: <cell-element>
# type: matrix
# rows: 0
# columns: 0


# name: <cell-element>
# type: matrix
# rows: 0
# columns: 0


# name: <cell-element>
# type: matrix
# rows: 0
# columns: 0


# name: <cell-element>
# type: matrix
# rows: 0
# columns: 0


# name: <cell-element>
# type: matrix
# rows: 0
# columns: 0


# name: <cell-element>
# type: matrix
# rows: 0
# columns: 0


# name: <cell-element>
# type: matrix
# rows: 0
# columns: 0


# name: <cell-element>
# type: matrix
# rows: 0
# columns: 0


# name: <cell-element>
# type: matrix
# rows: 0
# columns: 0


# name: <cell-element>
# type: matrix
# rows: 0
# columns: 0


# name: <cell-element>
# type: matrix
# rows: 0
# columns: 0


# name: <cell-element>
# type: matrix
# rows: 0
# columns: 0


# name: <cell-element>
# type: matrix
# rows: 0
# columns: 0


# name: <cell-element>
# type: matrix
# rows: 0
# columns: 0


# name: <cell-element>
# type: matrix
# rows: 0
# columns: 0


# name: <cell-element>
# type: matrix
# rows: 0
# columns: 0


# name: <cell-element>
# type: matrix
# rows: 0
# columns: 0


# name: <cell-element>
# type: matrix
# rows: 0
# columns: 0


# name: <cell-element>
# type: matrix
# rows: 0
# columns: 0


# name: <cell-element>
# type: matrix
# rows: 0
# columns: 0


# name: <cell-element>
# type: matrix
# rows: 0
# columns: 0


# name: <cell-element>
# type: matrix
# rows: 0
# columns: 0


# name: <cell-element>
# type: matrix
# rows: 0
# columns: 0


# name: <cell-element>
# type: matrix
# rows: 0
# columns: 0


# name: <cell-element>
# type: matrix
# rows: 0
# columns: 0


# name: <cell-element>
# type: matrix
# rows: 0
# columns: 0


# name: <cell-element>
# type: matrix
# rows: 0
# columns: 0


# name: <cell-element>
# type: matrix
# rows: 0
# columns: 0


# name: <cell-element>
# type: matrix
# rows: 0
# columns: 0


# name: <cell-element>
# type: matrix
# rows: 0
# columns: 0


# name: <cell-element>
# type: matrix
# rows: 0
# columns: 0


# name: <cell-element>
# type: matrix
# rows: 0
# columns: 0


# name: <cell-element>
# type: matrix
# rows: 0
# columns: 0


# name: <cell-element>
# type: matrix
# rows: 0
# columns: 0


# name: <cell-element>
# type: matrix
# rows: 0
# columns: 0


# name: <cell-element>
# type: matrix
# rows: 0
# columns: 0


# name: <cell-element>
# type: matrix
# rows: 0
# columns: 0


# name: <cell-element>
# type: matrix
# rows: 0
# columns: 0


# name: <cell-element>
# type: matrix
# rows: 0
# columns: 0


# name: <cell-element>
# type: matrix
# rows: 0
# columns: 0


# name: <cell-element>
# type: matrix
# rows: 0
# columns: 0


# name: <cell-element>
# type: matrix
# rows: 0
# columns: 0


# name: <cell-element>
# type: matrix
# rows: 0
# columns: 0


# name: <cell-element>
# type: matrix
# rows: 0
# columns: 0


# name: <cell-element>
# type: matrix
# rows: 0
# columns: 0


# name: <cell-element>
# type: matrix
# rows: 0
# columns: 0


# name: <cell-element>
# type: matrix
# rows: 0
# columns: 0


# name: <cell-element>
# type: matrix
# rows: 0
# columns: 0


# name: <cell-element>
# type: matrix
# rows: 0
# columns: 0


# name: <cell-element>
# type: matrix
# rows: 0
# columns: 0


# name: <cell-element>
# type: matrix
# rows: 0
# columns: 0


# name: <cell-element>
# type: matrix
# rows: 0
# columns: 0


# name: <cell-element>
# type: matrix
# rows: 0
# columns: 0


