# Created by Octave 4.2.2, Mon Mar 23 12:08:27 2020 -03 <root@patricia-P5K-SE>
# name: SUBJECT
# type: sq_string
# elements: 1
# length: 3
001


# name: age
# type: sq_string
# elements: 1
# length: 2
35


# name: vet
# type: matrix
# rows: 1
# columns: 6
 1 1 2 2 3 3


# name: rvet
# type: matrix
# rows: 1
# columns: 6
 4 1 5 3 6 2


# name: response
# type: cell
# rows: 1
# columns: 6
# name: <cell-element>
# type: scalar
2



# name: <cell-element>
# type: scalar
1



# name: <cell-element>
# type: scalar
3



# name: <cell-element>
# type: scalar
2



# name: <cell-element>
# type: scalar
3



# name: <cell-element>
# type: scalar
1





# name: rt1
# type: matrix
# rows: 1
# columns: 6
 0.6640899181365967 0.4021999835968018 0.2915539741516113 0.4081230163574219 0.4452810287475586 0.3760988712310791


# name: antecipatedresponse
# type: matrix
# rows: 0
# columns: 0


# name: avg
# type: scalar
0.4312244653701782


# name: seq
# type: matrix
# rows: 1
# columns: 750
 1 2 2 1 2 3 1 2 3 1 2 3 1 2 3 1 2 2 1 2 2 1 2 3 1 2 3 1 2 3 1 2 2 1 2 2 1 2 3 1 2 3 1 2 3 1 2 3 1 2 2 1 2 3 1 2 3 1 2 2 1 2 2 1 2 3 1 2 3 1 2 3 1 2 3 1 2 3 1 2 2 1 2 3 1 2 3 1 2 2 1 2 3 1 2 3 1 2 3 1 2 3 1 2 2 1 2 3 1 2 3 1 2 3 1 2 3 1 2 2 1 2 3 1 2 3 1 2 3 1 2 3 1 2 3 1 2 2 1 2 2 1 2 2 1 2 3 1 2 2 1 2 3 1 2 3 1 2 3 1 2 3 1 2 3 1 2 3 1 2 3 1 2 3 1 2 3 1 2 3 1 2 3 1 2 3 1 2 3 1 2 3 1 2 3 1 2 3 1 2 3 1 2 2 1 2 2 1 2 3 1 2 3 1 2 3 1 2 3 1 2 3 1 2 3 1 2 3 1 2 3 1 2 2 1 2 3 1 2 3 1 2 3 1 2 3 1 2 3 1 2 2 1 2 3 1 2 3 1 2 3 1 2 3 1 2 3 1 2 3 1 2 3 1 2 2 1 2 2 1 2 3 1 2 2 1 2 3 1 2 3 1 2 3 1 2 3 1 2 3 1 2 2 1 2 2 1 2 3 1 2 3 1 2 3 1 2 3 1 2 3 1 2 3 1 2 3 1 2 3 1 2 3 1 2 2 1 2 2 1 2 3 1 2 3 1 2 2 1 2 3 1 2 3 1 2 3 1 2 3 1 2 3 1 2 3 1 2 2 1 2 3 1 2 3 1 2 2 1 2 2 1 2 2 1 2 3 1 2 3 1 2 3 1 2 3 1 2 3 1 2 3 1 2 3 1 2 3 1 2 2 1 2 2 1 2 3 1 2 3 1 2 3 1 2 3 1 2 3 1 2 3 1 2 3 1 2 2 1 2 3 1 2 2 1 2 3 1 2 3 1 2 2 1 2 3 1 2 3 1 2 3 1 2 3 1 2 3 1 2 3 1 2 3 1 2 3 1 2 2 1 2 2 1 2 3 1 2 2 1 2 3 1 2 2 1 2 3 1 2 3 1 2 3 1 2 2 1 2 2 1 2 3 1 2 3 1 2 3 1 2 3 1 2 3 1 2 3 1 2 2 1 2 3 1 2 2 1 2 3 1 2 3 1 2 3 1 2 3 1 2 2 1 2 2 1 2 2 1 2 3 1 2 3 1 2 3 1 2 3 1 2 3 1 2 3 1 2 3 1 2 3 1 2 3 1 2 2 1 2 3 1 2 2 1 2 3 1 2 3 1 2 3 1 2 2 1 2 3 1 2 2 1 2 2 1 2 3 1 2 3 1 2 3 1 2 3 1 2 3 1 2 3 1 2 3 1 2 3 1 2 3 1 2 3 1 2 3 1 2 3 1 2 3 1 2 2 1 2 2 1 2 3 1 2 2 1 2 3 1 2 3 1 2 3 1 2 2 1 2 2 1 2 3 1 2 3 1 2 2 1 2 2 1 2 3 1 2 3 1 2 2 1 2 3 1 2 3 1 2 3 1 2 2 1 2 3 1 2 2 1 2 2 1 2 3 1 2 3 1 2 3 1 2 3 1 2 3 1 2 3 1 2 3 1 2 2 1 2 3


# name: responseTeste
# type: cell
# rows: 1
# columns: 750
# name: <cell-element>
# type: scalar
1



# name: <cell-element>
# type: scalar
2



# name: <cell-element>
# type: scalar
2



# name: <cell-element>
# type: scalar
1



# name: <cell-element>
# type: scalar
2



# name: <cell-element>
# type: scalar
3



# name: <cell-element>
# type: scalar
1



# name: <cell-element>
# type: scalar
2



# name: <cell-element>
# type: scalar
3



# name: <cell-element>
# type: scalar
1



# name: <cell-element>
# type: scalar
2



# name: <cell-element>
# type: scalar
3



# name: <cell-element>
# type: scalar
1



# name: <cell-element>
# type: scalar
2



# name: <cell-element>
# type: scalar
3



# name: <cell-element>
# type: scalar
1



# name: <cell-element>
# type: scalar
2



# name: <cell-element>
# type: scalar
2



# name: <cell-element>
# type: scalar
1



# name: <cell-element>
# type: scalar
2



# name: <cell-element>
# type: scalar
2



# name: <cell-element>
# type: scalar
1



# name: <cell-element>
# type: scalar
2



# name: <cell-element>
# type: scalar
3



# name: <cell-element>
# type: scalar
1



# name: <cell-element>
# type: scalar
2



# name: <cell-element>
# type: scalar
3



# name: <cell-element>
# type: scalar
1



# name: <cell-element>
# type: scalar
2



# name: <cell-element>
# type: scalar
3



# name: <cell-element>
# type: scalar
1



# name: <cell-element>
# type: scalar
2



# name: <cell-element>
# type: scalar
2



# name: <cell-element>
# type: scalar
1



# name: <cell-element>
# type: scalar
2



# name: <cell-element>
# type: scalar
2



# name: <cell-element>
# type: scalar
1



# name: <cell-element>
# type: scalar
2



# name: <cell-element>
# type: scalar
3



# name: <cell-element>
# type: scalar
1



# name: <cell-element>
# type: scalar
2



# name: <cell-element>
# type: scalar
3



# name: <cell-element>
# type: scalar
1



# name: <cell-element>
# type: scalar
2



# name: <cell-element>
# type: scalar
3



# name: <cell-element>
# type: scalar
1



# name: <cell-element>
# type: scalar
2



# name: <cell-element>
# type: scalar
3



# name: <cell-element>
# type: scalar
1



# name: <cell-element>
# type: scalar
2



# name: <cell-element>
# type: scalar
2



# name: <cell-element>
# type: scalar
1



# name: <cell-element>
# type: scalar
2



# name: <cell-element>
# type: scalar
3



# name: <cell-element>
# type: scalar
1



# name: <cell-element>
# type: scalar
2



# name: <cell-element>
# type: scalar
3



# name: <cell-element>
# type: scalar
1



# name: <cell-element>
# type: scalar
2



# name: <cell-element>
# type: scalar
2



# name: <cell-element>
# type: scalar
1



# name: <cell-element>
# type: scalar
2



# name: <cell-element>
# type: scalar
2



# name: <cell-element>
# type: scalar
1



# name: <cell-element>
# type: scalar
2



# name: <cell-element>
# type: scalar
3



# name: <cell-element>
# type: scalar
1



# name: <cell-element>
# type: scalar
2



# name: <cell-element>
# type: scalar
3



# name: <cell-element>
# type: scalar
1



# name: <cell-element>
# type: scalar
2



# name: <cell-element>
# type: scalar
3



# name: <cell-element>
# type: scalar
1



# name: <cell-element>
# type: scalar
2



# name: <cell-element>
# type: scalar
3



# name: <cell-element>
# type: scalar
1



# name: <cell-element>
# type: scalar
2



# name: <cell-element>
# type: scalar
3



# name: <cell-element>
# type: scalar
1



# name: <cell-element>
# type: scalar
2



# name: <cell-element>
# type: scalar
2



# name: <cell-element>
# type: scalar
1



# name: <cell-element>
# type: scalar
2



# name: <cell-element>
# type: scalar
3



# name: <cell-element>
# type: scalar
1



# name: <cell-element>
# type: scalar
2



# name: <cell-element>
# type: scalar
3



# name: <cell-element>
# type: scalar
1



# name: <cell-element>
# type: scalar
2



# name: <cell-element>
# type: scalar
2



# name: <cell-element>
# type: scalar
1



# name: <cell-element>
# type: scalar
2



# name: <cell-element>
# type: scalar
3



# name: <cell-element>
# type: scalar
1



# name: <cell-element>
# type: scalar
2



# name: <cell-element>
# type: scalar
3



# name: <cell-element>
# type: scalar
1



# name: <cell-element>
# type: scalar
2



# name: <cell-element>
# type: scalar
3



# name: <cell-element>
# type: scalar
1



# name: <cell-element>
# type: scalar
2



# name: <cell-element>
# type: scalar
3



# name: <cell-element>
# type: scalar
1



# name: <cell-element>
# type: scalar
2



# name: <cell-element>
# type: scalar
2



# name: <cell-element>
# type: scalar
1



# name: <cell-element>
# type: scalar
2



# name: <cell-element>
# type: scalar
3



# name: <cell-element>
# type: scalar
1



# name: <cell-element>
# type: scalar
2



# name: <cell-element>
# type: scalar
3



# name: <cell-element>
# type: scalar
1



# name: <cell-element>
# type: scalar
2



# name: <cell-element>
# type: scalar
3



# name: <cell-element>
# type: scalar
1



# name: <cell-element>
# type: scalar
2



# name: <cell-element>
# type: scalar
3



# name: <cell-element>
# type: scalar
1



# name: <cell-element>
# type: scalar
2



# name: <cell-element>
# type: scalar
2



# name: <cell-element>
# type: scalar
1



# name: <cell-element>
# type: scalar
2



# name: <cell-element>
# type: scalar
3



# name: <cell-element>
# type: scalar
1



# name: <cell-element>
# type: scalar
2



# name: <cell-element>
# type: scalar
3



