# Created by Octave 4.2.2, Mon Dec 07 20:00:14 2020 -03 <root@patricia-P5K-SE>
# name: SUBJECT
# type: sq_string
# elements: 1
# length: 3
009


# name: age
# type: sq_string
# elements: 1
# length: 2
25


# name: vet
# type: matrix
# rows: 1
# columns: 6
 1 1 2 2 3 3


# name: rvet
# type: matrix
# rows: 1
# columns: 6
 3 2 1 6 4 5


# name: response
# type: cell
# rows: 6
# columns: 1
# name: <cell-element>
# type: scalar
2


# name: <cell-element>
# type: scalar
1


# name: <cell-element>
# type: scalar
1


# name: <cell-element>
# type: scalar
3


# name: <cell-element>
# type: scalar
2


# name: <cell-element>
# type: scalar
3





# name: rt1
# type: matrix
# rows: 6
# columns: 1
 1.560379028320312
 0.2434070110321045
 0.1817362308502197
 0.1820378303527832
 0.1546080112457275
 0.7436370849609375


# name: antecipatedresponse
# type: matrix
# rows: 0
# columns: 0


# name: avg
# type: scalar
0.5109675327936808


# name: seq
# type: matrix
# rows: 1
# columns: 750
 1 2 2 1 2 3 1 2 3 1 2 3 1 2 3 1 2 2 1 2 2 1 2 3 1 2 3 1 2 3 1 2 2 1 2 2 1 2 3 1 2 3 1 2 3 1 2 3 1 2 2 1 2 3 1 2 3 1 2 2 1 2 2 1 2 3 1 2 3 1 2 3 1 2 3 1 2 3 1 2 2 1 2 3 1 2 3 1 2 2 1 2 3 1 2 3 1 2 3 1 2 3 1 2 2 1 2 3 1 2 3 1 2 3 1 2 3 1 2 2 1 2 3 1 2 3 1 2 3 1 2 3 1 2 3 1 2 2 1 2 2 1 2 2 1 2 3 1 2 2 1 2 3 1 2 3 1 2 3 1 2 3 1 2 3 1 2 3 1 2 3 1 2 3 1 2 3 1 2 3 1 2 3 1 2 3 1 2 3 1 2 3 1 2 3 1 2 3 1 2 3 1 2 2 1 2 2 1 2 3 1 2 3 1 2 3 1 2 3 1 2 3 1 2 3 1 2 3 1 2 3 1 2 2 1 2 3 1 2 3 1 2 3 1 2 3 1 2 3 1 2 2 1 2 3 1 2 3 1 2 3 1 2 3 1 2 3 1 2 3 1 2 3 1 2 2 1 2 2 1 2 3 1 2 2 1 2 3 1 2 3 1 2 3 1 2 3 1 2 3 1 2 2 1 2 2 1 2 3 1 2 3 1 2 3 1 2 3 1 2 3 1 2 3 1 2 3 1 2 3 1 2 3 1 2 2 1 2 2 1 2 3 1 2 3 1 2 2 1 2 3 1 2 3 1 2 3 1 2 3 1 2 3 1 2 3 1 2 2 1 2 3 1 2 3 1 2 2 1 2 2 1 2 2 1 2 3 1 2 3 1 2 3 1 2 3 1 2 3 1 2 3 1 2 3 1 2 3 1 2 2 1 2 2 1 2 3 1 2 3 1 2 3 1 2 3 1 2 3 1 2 3 1 2 3 1 2 2 1 2 3 1 2 2 1 2 3 1 2 3 1 2 2 1 2 3 1 2 3 1 2 3 1 2 3 1 2 3 1 2 3 1 2 3 1 2 3 1 2 2 1 2 2 1 2 3 1 2 2 1 2 3 1 2 2 1 2 3 1 2 3 1 2 3 1 2 2 1 2 2 1 2 3 1 2 3 1 2 3 1 2 3 1 2 3 1 2 3 1 2 2 1 2 3 1 2 2 1 2 3 1 2 3 1 2 3 1 2 3 1 2 2 1 2 2 1 2 2 1 2 3 1 2 3 1 2 3 1 2 3 1 2 3 1 2 3 1 2 3 1 2 3 1 2 3 1 2 2 1 2 3 1 2 2 1 2 3 1 2 3 1 2 3 1 2 2 1 2 3 1 2 2 1 2 2 1 2 3 1 2 3 1 2 3 1 2 3 1 2 3 1 2 3 1 2 3 1 2 3 1 2 3 1 2 3 1 2 3 1 2 3 1 2 3 1 2 2 1 2 2 1 2 3 1 2 2 1 2 3 1 2 3 1 2 3 1 2 2 1 2 2 1 2 3 1 2 3 1 2 2 1 2 2 1 2 3 1 2 3 1 2 2 1 2 3 1 2 3 1 2 3 1 2 2 1 2 3 1 2 2 1 2 2 1 2 3 1 2 3 1 2 3 1 2 3 1 2 3 1 2 3 1 2 3 1 2 2 1 2 3


# name: responseTeste
# type: cell
# rows: 750
# columns: 1
# name: <cell-element>
# type: scalar
1


# name: <cell-element>
# type: scalar
2


# name: <cell-element>
# type: scalar
2


# name: <cell-element>
# type: scalar
1


# name: <cell-element>
# type: scalar
2


# name: <cell-element>
# type: scalar
3


# name: <cell-element>
# type: scalar
1


# name: <cell-element>
# type: scalar
2


# name: <cell-element>
# type: scalar
3


# name: <cell-element>
# type: scalar
1


# name: <cell-element>
# type: scalar
2


# name: <cell-element>
# type: scalar
3


# name: <cell-element>
# type: scalar
1


# name: <cell-element>
# type: scalar
2


# name: <cell-element>
# type: scalar
3


# name: <cell-element>
# type: scalar
1


# name: <cell-element>
# type: scalar
2


# name: <cell-element>
# type: scalar
2


# name: <cell-element>
# type: scalar
1


# name: <cell-element>
# type: scalar
2


# name: <cell-element>
# type: matrix
# rows: 1
# columns: 2
 1 2


# name: <cell-element>
# type: scalar
1


# name: <cell-element>
# type: scalar
2


# name: <cell-element>
# type: scalar
3


# name: <cell-element>
# type: scalar
1


# name: <cell-element>
# type: scalar
2


# name: <cell-element>
# type: scalar
3


# name: <cell-element>
# type: scalar
1


# name: <cell-element>
# type: scalar
2


# name: <cell-element>
# type: scalar
3


# name: <cell-element>
# type: scalar
1


# name: <cell-element>
# type: scalar
2


# name: <cell-element>
# type: scalar
2


# name: <cell-element>
# type: scalar
1


# name: <cell-element>
# type: scalar
2


# name: <cell-element>
# type: scalar
2


# name: <cell-element>
# type: scalar
1


# name: <cell-element>
# type: scalar
2


# name: <cell-element>
# type: scalar
3


# name: <cell-element>
# type: scalar
1


# name: <cell-element>
# type: scalar
2


# name: <cell-element>
# type: scalar
3


# name: <cell-element>
# type: scalar
1


# name: <cell-element>
# type: scalar
2


# name: <cell-element>
# type: scalar
3


# name: <cell-element>
# type: scalar
1


# name: <cell-element>
# type: scalar
2


# name: <cell-element>
# type: scalar
3


# name: <cell-element>
# type: scalar
1


# name: <cell-element>
# type: scalar
2


# name: <cell-element>
# type: scalar
2


# name: <cell-element>
# type: scalar
1


# name: <cell-element>
# type: scalar
2


# name: <cell-element>
# type: scalar
3


# name: <cell-element>
# type: scalar
1


# name: <cell-element>
# type: scalar
2


# name: <cell-element>
# type: scalar
3


# name: <cell-element>
# type: scalar
1


# name: <cell-element>
# type: scalar
2


# name: <cell-element>
# type: scalar
2


# name: <cell-element>
# type: scalar
1


# name: <cell-element>
# type: scalar
2


# name: <cell-element>
# type: scalar
2


# name: <cell-element>
# type: scalar
1


# name: <cell-element>
# type: scalar
2


# name: <cell-element>
# type: scalar
3


# name: <cell-element>
# type: scalar
1


# name: <cell-element>
# type: scalar
2


# name: <cell-element>
# type: scalar
3


# name: <cell-element>
# type: scalar
1


# name: <cell-element>
# type: scalar
2


# name: <cell-element>
# type: scalar
3


# name: <cell-element>
# type: scalar
1


# name: <cell-element>
# type: scalar
2


# name: <cell-element>
# type: scalar
3


# name: <cell-element>
# type: scalar
1


# name: <cell-element>
# type: scalar
2


# name: <cell-element>
# type: scalar
3


# name: <cell-element>
# type: scalar
1


# name: <cell-element>
# type: scalar
2


# name: <cell-element>
# type: scalar
2


# name: <cell-element>
# type: scalar
1


# name: <cell-element>
# type: scalar
2


# name: <cell-element>
# type: scalar
3


# name: <cell-element>
# type: scalar
1


# name: <cell-element>
# type: scalar
2


# name: <cell-element>
# type: scalar
3


# name: <cell-element>
# type: scalar
1


# name: <cell-element>
# type: scalar
2


# name: <cell-element>
# type: scalar
2


# name: <cell-element>
# type: scalar
1


# name: <cell-element>
# type: scalar
2


# name: <cell-element>
# type: scalar
3


# name: <cell-element>
# type: scalar
1


# name: <cell-element>
# type: scalar
2


# name: <cell-element>
# type: scalar
3


# name: <cell-element>
# type: scalar
1


# name: <cell-element>
# type: scalar
2


# name: <cell-element>
# type: scalar
3


# name: <cell-element>
# type: scalar
1


# name: <cell-element>
# type: scalar
2


# name: <cell-element>
# type: scalar
3


# name: <cell-element>
# type: scalar
1


# name: <cell-element>
# type: scalar
2


# name: <cell-element>
# type: scalar
2


# name: <cell-element>
# type: scalar
1


# name: <cell-element>
# type: scalar
2


# name: <cell-element>
# type: scalar
3


# name: <cell-element>
# type: scalar
1


# name: <cell-element>
# type: scalar
2


# name: <cell-element>
# type: scalar
3


# name: <cell-element>
# type: scalar
1


# name: <cell-element>
# type: scalar
2


# name: <cell-element>
# type: scalar
3


# name: <cell-element>
# type: scalar
1


# name: <cell-element>
# type: scalar
2


# name: <cell-element>
# type: scalar
3


# name: <cell-element>
# type: scalar
1


# name: <cell-element>
# type: scalar
2


# name: <cell-element>
# type: scalar
2


# name: <cell-element>
# type: scalar
1


# name: <cell-element>
# type: scalar
2


# name: <cell-element>
# type: scalar
3


# name: <cell-element>
# type: scalar
1


# name: <cell-element>
# type: scalar
2


# name: <cell-element>
# type: scalar
3


# name: <cell-element>
# type: scalar
1


# name: <cell-element>
# type: scalar
2


# name: <cell-element>
# type: scalar
3


