# Created by Octave 4.2.2, Tue Dec 07 15:10:52 2021 -03 <root@patricia-P5K-SE>
# name: SUBJECT
# type: sq_string
# elements: 1
# length: 3
000


# name: age
# type: sq_string
# elements: 1
# length: 2
00


# name: vet
# type: matrix
# rows: 1
# columns: 6
 1 1 2 2 3 3


# name: rvet
# type: matrix
# rows: 1
# columns: 6
 6 1 2 5 4 3


# name: response
# type: cell
# rows: 6
# columns: 1
# name: <cell-element>
# type: scalar
3


# name: <cell-element>
# type: scalar
1


# name: <cell-element>
# type: scalar
1


# name: <cell-element>
# type: scalar
3


# name: <cell-element>
# type: matrix
# rows: 1
# columns: 2
 1 2


# name: <cell-element>
# type: scalar
2





# name: rt1
# type: matrix
# rows: 6
# columns: 1
 0.4358770847320557
 0.1708118915557861
 0.1099128723144531
 0.1707930564880371
 0.4701650142669678
 0.2100720405578613


# name: antecipatedresponse
# type: matrix
# rows: 0
# columns: 0


# name: avg
# type: scalar
0.2612719933191935


# name: seq
# type: matrix
# rows: 1
# columns: 750
 1 2 2 1 2 3 1 2 3 1 2 3 1 2 3 1 2 2 1 2 2 1 2 3 1 2 3 1 2 3 1 2 2 1 2 2 1 2 3 1 2 3 1 2 3 1 2 3 1 2 2 1 2 3 1 2 3 1 2 2 1 2 2 1 2 3 1 2 3 1 2 3 1 2 3 1 2 3 1 2 2 1 2 3 1 2 3 1 2 2 1 2 3 1 2 3 1 2 3 1 2 3 1 2 2 1 2 3 1 2 3 1 2 3 1 2 3 1 2 2 1 2 3 1 2 3 1 2 3 1 2 3 1 2 3 1 2 2 1 2 2 1 2 2 1 2 3 1 2 2 1 2 3 1 2 3 1 2 3 1 2 3 1 2 3 1 2 3 1 2 3 1 2 3 1 2 3 1 2 3 1 2 3 1 2 3 1 2 3 1 2 3 1 2 3 1 2 3 1 2 3 1 2 2 1 2 2 1 2 3 1 2 3 1 2 3 1 2 3 1 2 3 1 2 3 1 2 3 1 2 3 1 2 2 1 2 3 1 2 3 1 2 3 1 2 3 1 2 3 1 2 2 1 2 3 1 2 3 1 2 3 1 2 3 1 2 3 1 2 3 1 2 3 1 2 2 1 2 2 1 2 3 1 2 2 1 2 3 1 2 3 1 2 3 1 2 3 1 2 3 1 2 2 1 2 2 1 2 3 1 2 3 1 2 3 1 2 3 1 2 3 1 2 3 1 2 3 1 2 3 1 2 3 1 2 2 1 2 2 1 2 3 1 2 3 1 2 2 1 2 3 1 2 3 1 2 3 1 2 3 1 2 3 1 2 3 1 2 2 1 2 3 1 2 3 1 2 2 1 2 2 1 2 2 1 2 3 1 2 3 1 2 3 1 2 3 1 2 3 1 2 3 1 2 3 1 2 3 1 2 2 1 2 2 1 2 3 1 2 3 1 2 3 1 2 3 1 2 3 1 2 3 1 2 3 1 2 2 1 2 3 1 2 2 1 2 3 1 2 3 1 2 2 1 2 3 1 2 3 1 2 3 1 2 3 1 2 3 1 2 3 1 2 3 1 2 3 1 2 2 1 2 2 1 2 3 1 2 2 1 2 3 1 2 2 1 2 3 1 2 3 1 2 3 1 2 2 1 2 2 1 2 3 1 2 3 1 2 3 1 2 3 1 2 3 1 2 3 1 2 2 1 2 3 1 2 2 1 2 3 1 2 3 1 2 3 1 2 3 1 2 2 1 2 2 1 2 2 1 2 3 1 2 3 1 2 3 1 2 3 1 2 3 1 2 3 1 2 3 1 2 3 1 2 3 1 2 2 1 2 3 1 2 2 1 2 3 1 2 3 1 2 3 1 2 2 1 2 3 1 2 2 1 2 2 1 2 3 1 2 3 1 2 3 1 2 3 1 2 3 1 2 3 1 2 3 1 2 3 1 2 3 1 2 3 1 2 3 1 2 3 1 2 3 1 2 2 1 2 2 1 2 3 1 2 2 1 2 3 1 2 3 1 2 3 1 2 2 1 2 2 1 2 3 1 2 3 1 2 2 1 2 2 1 2 3 1 2 3 1 2 2 1 2 3 1 2 3 1 2 3 1 2 2 1 2 3 1 2 2 1 2 2 1 2 3 1 2 3 1 2 3 1 2 3 1 2 3 1 2 3 1 2 3 1 2 2 1 2 3


# name: responseTeste
# type: cell
# rows: 1
# columns: 750
# name: <cell-element>
# type: scalar
1



# name: <cell-element>
# type: scalar
2



# name: <cell-element>
# type: scalar
2



# name: <cell-element>
# type: scalar
1



# name: <cell-element>
# type: scalar
2



# name: <cell-element>
# type: scalar
3



# name: <cell-element>
# type: scalar
1



# name: <cell-element>
# type: scalar
2



# name: <cell-element>
# type: scalar
3



# name: <cell-element>
# type: scalar
1



# name: <cell-element>
# type: scalar
2



# name: <cell-element>
# type: scalar
3



# name: <cell-element>
# type: scalar
1



# name: <cell-element>
# type: scalar
2



# name: <cell-element>
# type: scalar
3



# name: <cell-element>
# type: scalar
1



# name: <cell-element>
# type: scalar
2



# name: <cell-element>
# type: matrix
# rows: 1
# columns: 2
 3 2



# name: <cell-element>
# type: scalar
1



# name: <cell-element>
# type: scalar
2



# name: <cell-element>
# type: matrix
# rows: 0
# columns: 0



# name: <cell-element>
# type: matrix
# rows: 0
# columns: 0



# name: <cell-element>
# type: matrix
# rows: 0
# columns: 0



# name: <cell-element>
# type: matrix
# rows: 0
# columns: 0



# name: <cell-element>
# type: matrix
# rows: 0
# columns: 0



# name: <cell-element>
# type: matrix
# rows: 0
# columns: 0



# name: <cell-element>
# type: matrix
# rows: 0
# columns: 0



# name: <cell-element>
# type: matrix
# rows: 0
# columns: 0



# name: <cell-element>
# type: matrix
# rows: 0
# columns: 0



# name: <cell-element>
# type: matrix
# rows: 0
# columns: 0



# name: <cell-element>
# type: matrix
# rows: 0
# columns: 0



# name: <cell-element>
# type: matrix
# rows: 0
# columns: 0



# name: <cell-element>
# type: matrix
# rows: 0
# columns: 0



# name: <cell-element>
# type: matrix
# rows: 0
# columns: 0



# name: <cell-element>
# type: matrix
# rows: 0
# columns: 0



# name: <cell-element>
# type: matrix
# rows: 0
# columns: 0



# name: <cell-element>
# type: matrix
# rows: 0
# columns: 0



# name: <cell-element>
# type: matrix
# rows: 0
# columns: 0



# name: <cell-element>
# type: matrix
# rows: 0
# columns: 0



# name: <cell-element>
# type: matrix
# rows: 0
# columns: 0



# name: <cell-element>
# type: matrix
# rows: 0
# columns: 0



# name: <cell-element>
# type: matrix
# rows: 0
# columns: 0



# name: <cell-element>
# type: matrix
# rows: 0
# columns: 0



# name: <cell-element>
# type: matrix
# rows: 0
# columns: 0



# name: <cell-element>
# type: matrix
# rows: 0
# columns: 0



# name: <cell-element>
# type: matrix
# rows: 0
# columns: 0



# name: <cell-element>
# type: matrix
# rows: 0
# columns: 0



# name: <cell-element>
# type: matrix
# rows: 0
# columns: 0



# name: <cell-element>
# type: matrix
# rows: 0
# columns: 0



# name: <cell-element>
# type: matrix
# rows: 0
# columns: 0



# name: <cell-element>
# type: matrix
# rows: 0
# columns: 0



# name: <cell-element>
# type: matrix
# rows: 0
# columns: 0



# name: <cell-element>
# type: matrix
# rows: 0
# columns: 0



# name: <cell-element>
# type: matrix
# rows: 0
# columns: 0



# name: <cell-element>
# type: matrix
# rows: 0
# columns: 0



# name: <cell-element>
# type: matrix
# rows: 0
# columns: 0



# name: <cell-element>
# type: matrix
# rows: 0
# columns: 0



# name: <cell-element>
# type: matrix
# rows: 0
# columns: 0



# name: <cell-element>
# type: matrix
# rows: 0
# columns: 0



# name: <cell-element>
# type: matrix
# rows: 0
# columns: 0



# name: <cell-element>
# type: matrix
# rows: 0
# columns: 0



# name: <cell-element>
# type: matrix
# rows: 0
# columns: 0



# name: <cell-element>
# type: matrix
# rows: 0
# columns: 0



# name: <cell-element>
# type: matrix
# rows: 0
# columns: 0



# name: <cell-element>
# type: matrix
# rows: 0
# columns: 0



# name: <cell-element>
# type: matrix
# rows: 0
# columns: 0



# name: <cell-element>
# type: matrix
# rows: 0
# columns: 0



# name: <cell-element>
# type: matrix
# rows: 0
# columns: 0



# name: <cell-element>
# type: matrix
# rows: 0
# columns: 0



# name: <cell-element>
# type: matrix
# rows: 0
# columns: 0



# name: <cell-element>
# type: matrix
# rows: 0
# columns: 0



# name: <cell-element>
# type: matrix
# rows: 0
# columns: 0



# name: <cell-element>
# type: matrix
# rows: 0
# columns: 0



# name: <cell-element>
# type: matrix
# rows: 0
# columns: 0



# name: <cell-element>
# type: matrix
# rows: 0
# columns: 0



# name: <cell-element>
# type: matrix
# rows: 0
# columns: 0



# name: <cell-element>
# type: matrix
# rows: 0
# columns: 0



# name: <cell-element>
# type: matrix
# rows: 0
# columns: 0



# name: <cell-element>
# type: matrix
# rows: 0
# columns: 0



# name: <cell-element>
# type: matrix
# rows: 0
# columns: 0



# name: <cell-element>
# type: matrix
# rows: 0
# columns: 0



# name: <cell-element>
# type: matrix
# rows: 0
# columns: 0



# name: <cell-element>
# type: matrix
# rows: 0
# columns: 0



# name: <cell-element>
# type: matrix
# rows: 0
# columns: 0



# name: <cell-element>
# type: matrix
# rows: 0
# columns: 0



# name: <cell-element>
# type: matrix
# rows: 0
# columns: 0



# name: <cell-element>
# type: matrix
# rows: 0
# columns: 0



# name: <cell-element>
# type: matrix
# rows: 0
# columns: 0



# name: <cell-element>
# type: matrix
# rows: 0
# columns: 0



# name: <cell-element>
# type: matrix
# rows: 0
# columns: 0



